&gridInit
	initNest = 4
	AMR = 3
	useRelativeTol = 1
	remeshInterval = 10
	panelKind = 4
	amrTol1 = 0.08
	amrTol2 = 1.0
	newOmega = 6.283185307179586
	maxRefine = 2
/

newOmega = 6.283185307179586

&time
	dt = 0.0025
	tfinal = 1.0
/

&fileIO
	jobPrefix='jet_waveNum12_withRot_rm10'
/

&jetInit
	lat0=0.785398163397448
	beta = 12.0
	perturbAmp=0.025
	perturbWaveNum = 12
/
